{
 "cells": [
  {
   "cell_type": "code",
   "execution_count": 1,
   "metadata": {},
   "outputs": [],
   "source": [
    "def prepare_data():\n",
    "    import pandas as pd\n",
    "    print(\"---- Inside prepare_data component ----\")\n",
    "    # Load dataset\n",
    "    df = pd.read_csv(\"https://raw.githubusercontent.com/TripathiAshutosh/dataset/main/iris.csv\")\n",
    "    df = df.dropna()\n",
    "    df.to_csv(f'data/final_df.csv', index=False)\n",
    "    print(\"\\n ---- data csv is saved to PV location /data/final_df.csv ----\")"
   ]
  },
  {
   "cell_type": "code",
   "execution_count": 2,
   "metadata": {},
   "outputs": [],
   "source": [
    "def train_test_split():\n",
    "    import pandas as pd\n",
    "    import numpy as np\n",
    "    from sklearn.model_selection import train_test_split\n",
    "    print(\"---- Inside train_test_split component ----\")\n",
    "    final_data = pd.read_csv(f'data/final_df.csv')\n",
    "    target_column = 'class'\n",
    "    X = final_data.loc[:, final_data.columns != target_column]\n",
    "    y = final_data.loc[:, final_data.columns == target_column]\n",
    "    \n",
    "    X_train, X_test, y_train, y_test = train_test_split(X, y, test_size=0.3,stratify = y, random_state=47)\n",
    "    \n",
    "    X_train.to_csv(f'data/X_train.csv', index=False)\n",
    "    X_test.to_csv(f'data/X_test.csv', index=False)\n",
    "    y_train.to_csv(f'data/y_train.csv', index=False)\n",
    "    y_test.to_csv(f'data/y_test.csv', index=False)\n",
    "    \n",
    "    print(\"\\n---- X_train ----\")\n",
    "    print(\"\\n\")\n",
    "    print(X_train)\n",
    "    \n",
    "    print(\"\\n---- X_test ----\")\n",
    "    print(\"\\n\")\n",
    "    print(X_test)\n",
    "    \n",
    "    print(\"\\n---- y_train ----\")\n",
    "    print(\"\\n\")\n",
    "    print(y_train)\n",
    "    \n",
    "    print(\"\\n---- y_test ----\")\n",
    "    print(\"\\n\")\n",
    "    print(y_test)"
   ]
  },
  {
   "cell_type": "code",
   "execution_count": 3,
   "metadata": {},
   "outputs": [],
   "source": [
    "def training_basic_classifier():\n",
    "    import pandas as pd\n",
    "    import numpy as np\n",
    "    from sklearn.linear_model import LogisticRegression\n",
    "    \n",
    "    print(\"---- Inside training_basic_classifier component ----\")\n",
    "    \n",
    "    X_train = pd.read_csv('data/X_train.csv')\n",
    "    y_train = pd.read_csv('data/y_train.csv')\n",
    "    \n",
    "    classifier = LogisticRegression(max_iter=500)\n",
    "    classifier.fit(X_train,y_train)\n",
    "    import pickle\n",
    "    with open(f'data/model.pkl', 'wb') as f:\n",
    "        pickle.dump(classifier, f)\n",
    "    \n",
    "    print(\"\\n logistic regression classifier is trained on iris data and saved to PV location /data/model.pkl ----\")"
   ]
  },
  {
   "cell_type": "code",
   "execution_count": 4,
   "metadata": {},
   "outputs": [],
   "source": [
    "def predict_on_test_data():\n",
    "    import pandas as pd\n",
    "    import numpy as np\n",
    "    import pickle\n",
    "    print(\"---- Inside predict_on_test_data component ----\")\n",
    "    with open(f'data/model.pkl','rb') as f:\n",
    "        logistic_reg_model = pickle.load(f)\n",
    "    X_test = pd.read_csv('data/X_test.csv')\n",
    "    y_pred = logistic_reg_model.predict(X_test)\n",
    "    np.save(f'data/y_pred.npy', y_pred)\n",
    "    \n",
    "    print(\"\\n---- Predicted classes ----\")\n",
    "    print(\"\\n\")\n",
    "    print(y_pred)\n",
    "    "
   ]
  },
  {
   "cell_type": "code",
   "execution_count": 5,
   "metadata": {},
   "outputs": [],
   "source": [
    "def predict_prob_on_test_data():\n",
    "    import pandas as pd\n",
    "    import numpy as np\n",
    "    import pickle\n",
    "    print(\"---- Inside predict_prob_on_test_data component ----\")\n",
    "    with open(f'data/model.pkl','rb') as f:\n",
    "        logistic_reg_model = pickle.load(f)\n",
    "    X_test = pd.read_csv('data/X_test.csv')\n",
    "    y_pred_prob = logistic_reg_model.predict_proba(X_test)\n",
    "    np.save('data/y_pred_prob.npy', y_pred_prob)\n",
    "    \n",
    "    print(\"\\n---- Predicted Probabilities ----\")\n",
    "    print(\"\\n\")\n",
    "    print(y_pred_prob)"
   ]
  },
  {
   "cell_type": "code",
   "execution_count": 6,
   "metadata": {},
   "outputs": [],
   "source": [
    "def get_metrics():\n",
    "    import pandas as pd\n",
    "    import numpy as np\n",
    "    from sklearn.metrics import accuracy_score,precision_score,recall_score,log_loss\n",
    "    from sklearn import metrics\n",
    "    print(\"---- Inside get_metrics component ----\")\n",
    "    y_test = pd.read_csv('data/y_test.csv')\n",
    "    y_pred = np.load('data/y_pred.npy',allow_pickle=True)\n",
    "    y_pred_prob = np.load(f'data/y_pred_prob.npy',allow_pickle=True)\n",
    "    acc = accuracy_score(y_test, y_pred)\n",
    "    prec = precision_score(y_test, y_pred,average='micro')\n",
    "    recall = recall_score(y_test, y_pred,average='micro')\n",
    "    entropy = log_loss(y_test, y_pred_prob)\n",
    "    \n",
    "    print(metrics.classification_report(y_test, y_pred))\n",
    "    print(y_pred)\n",
    "    print(y_pred_prob)\n",
    "    print(\"\\n Model Metrics:\", {'accuracy': round(acc, 2), 'precision': round(prec, 2), 'recall': round(recall, 2), 'entropy': round(entropy, 2)})"
   ]
  },
  {
   "cell_type": "code",
   "execution_count": 7,
   "metadata": {},
   "outputs": [
    {
     "name": "stdout",
     "output_type": "stream",
     "text": [
      "---- Inside prepare_data component ----\n",
      "\n",
      " ---- data csv is saved to PV location /data/final_df.csv ----\n",
      "---- Inside train_test_split component ----\n",
      "\n",
      "---- X_train ----\n",
      "\n",
      "\n",
      "     sepal-length  sepal-width  petal-length  petal-width\n",
      "25            5.0          3.0           1.6          0.2\n",
      "30            4.8          3.1           1.6          0.2\n",
      "74            6.4          2.9           4.3          1.3\n",
      "29            4.7          3.2           1.6          0.2\n",
      "135           7.7          3.0           6.1          2.3\n",
      "..            ...          ...           ...          ...\n",
      "58            6.6          2.9           4.6          1.3\n",
      "15            5.7          4.4           1.5          0.4\n",
      "54            6.5          2.8           4.6          1.5\n",
      "118           7.7          2.6           6.9          2.3\n",
      "139           6.9          3.1           5.4          2.1\n",
      "\n",
      "[105 rows x 4 columns]\n",
      "\n",
      "---- X_test ----\n",
      "\n",
      "\n",
      "     sepal-length  sepal-width  petal-length  petal-width\n",
      "26            5.0          3.4           1.6          0.4\n",
      "41            4.5          2.3           1.3          0.3\n",
      "49            5.0          3.3           1.4          0.2\n",
      "44            5.1          3.8           1.9          0.4\n",
      "141           6.9          3.1           5.1          2.3\n",
      "108           6.7          2.5           5.8          1.8\n",
      "86            6.7          3.1           4.7          1.5\n",
      "142           5.8          2.7           5.1          1.9\n",
      "65            6.7          3.1           4.4          1.4\n",
      "61            5.9          3.0           4.2          1.5\n",
      "124           6.7          3.3           5.7          2.1\n",
      "75            6.6          3.0           4.4          1.4\n",
      "83            6.0          2.7           5.1          1.6\n",
      "8             4.4          2.9           1.4          0.2\n",
      "38            4.4          3.0           1.3          0.2\n",
      "122           7.7          2.8           6.7          2.0\n",
      "1             4.9          3.0           1.4          0.2\n",
      "52            6.9          3.1           4.9          1.5\n",
      "66            5.6          3.0           4.5          1.5\n",
      "78            6.0          2.9           4.5          1.5\n",
      "84            5.4          3.0           4.5          1.5\n",
      "146           6.3          2.5           5.0          1.9\n",
      "134           6.1          2.6           5.6          1.4\n",
      "7             5.0          3.4           1.5          0.2\n",
      "23            5.1          3.3           1.7          0.5\n",
      "143           6.8          3.2           5.9          2.3\n",
      "119           6.0          2.2           5.0          1.5\n",
      "47            4.6          3.2           1.4          0.2\n",
      "76            6.8          2.8           4.8          1.4\n",
      "77            6.7          3.0           5.0          1.7\n",
      "46            5.1          3.8           1.6          0.2\n",
      "148           6.2          3.4           5.4          2.3\n",
      "16            5.4          3.9           1.3          0.4\n",
      "6             4.6          3.4           1.4          0.3\n",
      "43            5.0          3.5           1.6          0.6\n",
      "45            4.8          3.0           1.4          0.3\n",
      "120           6.9          3.2           5.7          2.3\n",
      "149           5.9          3.0           5.1          1.8\n",
      "140           6.7          3.1           5.6          2.4\n",
      "95            5.7          3.0           4.2          1.2\n",
      "59            5.2          2.7           3.9          1.4\n",
      "107           7.3          2.9           6.3          1.8\n",
      "129           7.2          3.0           5.8          1.6\n",
      "92            5.8          2.6           4.0          1.2\n",
      "81            5.5          2.4           3.7          1.0\n",
      "\n",
      "---- y_train ----\n",
      "\n",
      "\n",
      "               class\n",
      "25       Iris-setosa\n",
      "30       Iris-setosa\n",
      "74   Iris-versicolor\n",
      "29       Iris-setosa\n",
      "135   Iris-virginica\n",
      "..               ...\n",
      "58   Iris-versicolor\n",
      "15       Iris-setosa\n",
      "54   Iris-versicolor\n",
      "118   Iris-virginica\n",
      "139   Iris-virginica\n",
      "\n",
      "[105 rows x 1 columns]\n",
      "\n",
      "---- y_test ----\n",
      "\n",
      "\n",
      "               class\n",
      "26       Iris-setosa\n",
      "41       Iris-setosa\n",
      "49       Iris-setosa\n",
      "44       Iris-setosa\n",
      "141   Iris-virginica\n",
      "108   Iris-virginica\n",
      "86   Iris-versicolor\n",
      "142   Iris-virginica\n",
      "65   Iris-versicolor\n",
      "61   Iris-versicolor\n",
      "124   Iris-virginica\n",
      "75   Iris-versicolor\n",
      "83   Iris-versicolor\n",
      "8        Iris-setosa\n",
      "38       Iris-setosa\n",
      "122   Iris-virginica\n",
      "1        Iris-setosa\n",
      "52   Iris-versicolor\n",
      "66   Iris-versicolor\n",
      "78   Iris-versicolor\n",
      "84   Iris-versicolor\n",
      "146   Iris-virginica\n",
      "134   Iris-virginica\n",
      "7        Iris-setosa\n",
      "23       Iris-setosa\n",
      "143   Iris-virginica\n",
      "119   Iris-virginica\n",
      "47       Iris-setosa\n",
      "76   Iris-versicolor\n",
      "77   Iris-versicolor\n",
      "46       Iris-setosa\n",
      "148   Iris-virginica\n",
      "16       Iris-setosa\n",
      "6        Iris-setosa\n",
      "43       Iris-setosa\n",
      "45       Iris-setosa\n",
      "120   Iris-virginica\n",
      "149   Iris-virginica\n",
      "140   Iris-virginica\n",
      "95   Iris-versicolor\n",
      "59   Iris-versicolor\n",
      "107   Iris-virginica\n",
      "129   Iris-virginica\n",
      "92   Iris-versicolor\n",
      "81   Iris-versicolor\n",
      "---- Inside training_basic_classifier component ----\n",
      "\n",
      " logistic regression classifier is trained on iris data and saved to PV location /data/model.pkl ----\n",
      "---- Inside predict_on_test_data component ----\n",
      "\n",
      "---- Predicted classes ----\n",
      "\n",
      "\n",
      "['Iris-setosa' 'Iris-setosa' 'Iris-setosa' 'Iris-setosa' 'Iris-virginica'\n",
      " 'Iris-virginica' 'Iris-versicolor' 'Iris-virginica' 'Iris-versicolor'\n",
      " 'Iris-versicolor' 'Iris-virginica' 'Iris-versicolor' 'Iris-virginica'\n",
      " 'Iris-setosa' 'Iris-setosa' 'Iris-virginica' 'Iris-setosa'\n",
      " 'Iris-versicolor' 'Iris-versicolor' 'Iris-versicolor' 'Iris-versicolor'\n",
      " 'Iris-virginica' 'Iris-virginica' 'Iris-setosa' 'Iris-setosa'\n",
      " 'Iris-virginica' 'Iris-versicolor' 'Iris-setosa' 'Iris-versicolor'\n",
      " 'Iris-virginica' 'Iris-setosa' 'Iris-virginica' 'Iris-setosa'\n",
      " 'Iris-setosa' 'Iris-setosa' 'Iris-setosa' 'Iris-virginica'\n",
      " 'Iris-virginica' 'Iris-virginica' 'Iris-versicolor' 'Iris-versicolor'\n",
      " 'Iris-virginica' 'Iris-virginica' 'Iris-versicolor' 'Iris-versicolor']\n",
      "---- Inside predict_prob_on_test_data component ----\n",
      "\n",
      "---- Predicted Probabilities ----\n",
      "\n",
      "\n",
      "[[9.60740490e-01 3.92585123e-02 9.97718014e-07]\n",
      " [9.34942801e-01 6.50566003e-02 5.99143211e-07]\n",
      " [9.71021648e-01 2.89780934e-02 2.58630894e-07]\n",
      " [9.54908454e-01 4.50890652e-02 2.48114080e-06]\n",
      " [1.74070641e-04 1.08160301e-01 8.91665629e-01]\n",
      " [1.57978157e-05 8.13870365e-02 9.18597166e-01]\n",
      " [3.55155886e-03 7.13379272e-01 2.83069169e-01]\n",
      " [4.28623284e-04 1.90766355e-01 8.08805021e-01]\n",
      " [8.28608183e-03 8.65200953e-01 1.26512965e-01]\n",
      " [1.94227532e-02 8.41281047e-01 1.39296200e-01]\n",
      " [2.90591935e-05 4.04973046e-02 9.59473636e-01]\n",
      " [7.73702043e-03 8.63088176e-01 1.29174804e-01]\n",
      " [7.40210135e-04 3.66411887e-01 6.32847902e-01]\n",
      " [9.67717915e-01 3.22817386e-02 3.46308363e-07]\n",
      " [9.77156489e-01 2.28433143e-02 1.96485027e-07]\n",
      " [1.67586951e-07 8.48004269e-03 9.91519790e-01]\n",
      " [9.59315006e-01 4.06846383e-02 3.55531239e-07]\n",
      " [1.75295016e-03 6.28159618e-01 3.70087431e-01]\n",
      " [1.08862623e-02 7.09815481e-01 2.79298257e-01]\n",
      " [7.35754080e-03 7.51504221e-01 2.41138238e-01]\n",
      " [1.23371011e-02 6.90227767e-01 2.97435132e-01]\n",
      " [4.03135730e-04 2.82848973e-01 7.16747891e-01]\n",
      " [1.38177961e-04 2.39332001e-01 7.60529821e-01]\n",
      " [9.68978793e-01 3.10208459e-02 3.60967273e-07]\n",
      " [9.39903219e-01 6.00943986e-02 2.38204636e-06]\n",
      " [5.82317590e-06 1.59568689e-02 9.84037308e-01]\n",
      " [6.45386103e-04 5.18798519e-01 4.80556094e-01]\n",
      " [9.75285057e-01 2.47146842e-02 2.58753286e-07]\n",
      " [1.83046084e-03 7.41766341e-01 2.56403198e-01]\n",
      " [9.28057976e-04 4.20081834e-01 5.78990108e-01]\n",
      " [9.76403608e-01 2.35960268e-02 3.65611594e-07]\n",
      " [8.53019017e-05 3.82904687e-02 9.61624229e-01]\n",
      " [9.85843325e-01 1.41565129e-02 1.61635533e-07]\n",
      " [9.81017299e-01 1.89824287e-02 2.71891437e-07]\n",
      " [9.64736061e-01 3.52623698e-02 1.56931288e-06]\n",
      " [9.61628876e-01 3.83706646e-02 4.59229978e-07]\n",
      " [1.38952559e-05 2.68526030e-02 9.73133502e-01]\n",
      " [7.52130753e-04 2.31912820e-01 7.67335049e-01]\n",
      " [1.55963004e-05 2.44862279e-02 9.75498176e-01]\n",
      " [2.54207407e-02 9.01638154e-01 7.29411048e-02]\n",
      " [4.38581988e-02 8.86571209e-01 6.95705924e-02]\n",
      " [2.29140278e-06 3.06176185e-02 9.69380090e-01]\n",
      " [4.05890291e-05 1.45635087e-01 8.54324324e-01]\n",
      " [2.11932447e-02 9.38000251e-01 4.08065039e-02]\n",
      " [3.95714691e-02 9.47700935e-01 1.27275959e-02]]\n",
      "---- Inside get_metrics component ----\n"
     ]
    },
    {
     "name": "stderr",
     "output_type": "stream",
     "text": [
      "/home/fjsoto/dockerfiles/iris_model/lib/python3.8/site-packages/sklearn/utils/validation.py:1143: DataConversionWarning: A column-vector y was passed when a 1d array was expected. Please change the shape of y to (n_samples, ), for example using ravel().\n",
      "  y = column_or_1d(y, warn=True)\n"
     ]
    },
    {
     "name": "stdout",
     "output_type": "stream",
     "text": [
      "                 precision    recall  f1-score   support\n",
      "\n",
      "    Iris-setosa       1.00      1.00      1.00        15\n",
      "Iris-versicolor       0.93      0.87      0.90        15\n",
      " Iris-virginica       0.88      0.93      0.90        15\n",
      "\n",
      "       accuracy                           0.93        45\n",
      "      macro avg       0.93      0.93      0.93        45\n",
      "   weighted avg       0.93      0.93      0.93        45\n",
      "\n",
      "['Iris-setosa' 'Iris-setosa' 'Iris-setosa' 'Iris-setosa' 'Iris-virginica'\n",
      " 'Iris-virginica' 'Iris-versicolor' 'Iris-virginica' 'Iris-versicolor'\n",
      " 'Iris-versicolor' 'Iris-virginica' 'Iris-versicolor' 'Iris-virginica'\n",
      " 'Iris-setosa' 'Iris-setosa' 'Iris-virginica' 'Iris-setosa'\n",
      " 'Iris-versicolor' 'Iris-versicolor' 'Iris-versicolor' 'Iris-versicolor'\n",
      " 'Iris-virginica' 'Iris-virginica' 'Iris-setosa' 'Iris-setosa'\n",
      " 'Iris-virginica' 'Iris-versicolor' 'Iris-setosa' 'Iris-versicolor'\n",
      " 'Iris-virginica' 'Iris-setosa' 'Iris-virginica' 'Iris-setosa'\n",
      " 'Iris-setosa' 'Iris-setosa' 'Iris-setosa' 'Iris-virginica'\n",
      " 'Iris-virginica' 'Iris-virginica' 'Iris-versicolor' 'Iris-versicolor'\n",
      " 'Iris-virginica' 'Iris-virginica' 'Iris-versicolor' 'Iris-versicolor']\n",
      "[[9.60740490e-01 3.92585123e-02 9.97718014e-07]\n",
      " [9.34942801e-01 6.50566003e-02 5.99143211e-07]\n",
      " [9.71021648e-01 2.89780934e-02 2.58630894e-07]\n",
      " [9.54908454e-01 4.50890652e-02 2.48114080e-06]\n",
      " [1.74070641e-04 1.08160301e-01 8.91665629e-01]\n",
      " [1.57978157e-05 8.13870365e-02 9.18597166e-01]\n",
      " [3.55155886e-03 7.13379272e-01 2.83069169e-01]\n",
      " [4.28623284e-04 1.90766355e-01 8.08805021e-01]\n",
      " [8.28608183e-03 8.65200953e-01 1.26512965e-01]\n",
      " [1.94227532e-02 8.41281047e-01 1.39296200e-01]\n",
      " [2.90591935e-05 4.04973046e-02 9.59473636e-01]\n",
      " [7.73702043e-03 8.63088176e-01 1.29174804e-01]\n",
      " [7.40210135e-04 3.66411887e-01 6.32847902e-01]\n",
      " [9.67717915e-01 3.22817386e-02 3.46308363e-07]\n",
      " [9.77156489e-01 2.28433143e-02 1.96485027e-07]\n",
      " [1.67586951e-07 8.48004269e-03 9.91519790e-01]\n",
      " [9.59315006e-01 4.06846383e-02 3.55531239e-07]\n",
      " [1.75295016e-03 6.28159618e-01 3.70087431e-01]\n",
      " [1.08862623e-02 7.09815481e-01 2.79298257e-01]\n",
      " [7.35754080e-03 7.51504221e-01 2.41138238e-01]\n",
      " [1.23371011e-02 6.90227767e-01 2.97435132e-01]\n",
      " [4.03135730e-04 2.82848973e-01 7.16747891e-01]\n",
      " [1.38177961e-04 2.39332001e-01 7.60529821e-01]\n",
      " [9.68978793e-01 3.10208459e-02 3.60967273e-07]\n",
      " [9.39903219e-01 6.00943986e-02 2.38204636e-06]\n",
      " [5.82317590e-06 1.59568689e-02 9.84037308e-01]\n",
      " [6.45386103e-04 5.18798519e-01 4.80556094e-01]\n",
      " [9.75285057e-01 2.47146842e-02 2.58753286e-07]\n",
      " [1.83046084e-03 7.41766341e-01 2.56403198e-01]\n",
      " [9.28057976e-04 4.20081834e-01 5.78990108e-01]\n",
      " [9.76403608e-01 2.35960268e-02 3.65611594e-07]\n",
      " [8.53019017e-05 3.82904687e-02 9.61624229e-01]\n",
      " [9.85843325e-01 1.41565129e-02 1.61635533e-07]\n",
      " [9.81017299e-01 1.89824287e-02 2.71891437e-07]\n",
      " [9.64736061e-01 3.52623698e-02 1.56931288e-06]\n",
      " [9.61628876e-01 3.83706646e-02 4.59229978e-07]\n",
      " [1.38952559e-05 2.68526030e-02 9.73133502e-01]\n",
      " [7.52130753e-04 2.31912820e-01 7.67335049e-01]\n",
      " [1.55963004e-05 2.44862279e-02 9.75498176e-01]\n",
      " [2.54207407e-02 9.01638154e-01 7.29411048e-02]\n",
      " [4.38581988e-02 8.86571209e-01 6.95705924e-02]\n",
      " [2.29140278e-06 3.06176185e-02 9.69380090e-01]\n",
      " [4.05890291e-05 1.45635087e-01 8.54324324e-01]\n",
      " [2.11932447e-02 9.38000251e-01 4.08065039e-02]\n",
      " [3.95714691e-02 9.47700935e-01 1.27275959e-02]]\n",
      "\n",
      " Model Metrics: {'accuracy': 0.93, 'precision': 0.93, 'recall': 0.93, 'entropy': 0.17}\n"
     ]
    }
   ],
   "source": [
    "prepare_data()\n",
    "train_test_split()\n",
    "training_basic_classifier()\n",
    "predict_on_test_data()\n",
    "predict_prob_on_test_data()\n",
    "get_metrics()"
   ]
  },
  {
   "cell_type": "code",
   "execution_count": null,
   "metadata": {},
   "outputs": [],
   "source": []
  }
 ],
 "metadata": {
  "kernelspec": {
   "display_name": "Python 3",
   "language": "python",
   "name": "python3"
  },
  "language_info": {
   "codemirror_mode": {
    "name": "ipython",
    "version": 3
   },
   "file_extension": ".py",
   "mimetype": "text/x-python",
   "name": "python",
   "nbconvert_exporter": "python",
   "pygments_lexer": "ipython3",
   "version": "3.8.10"
  },
  "vscode": {
   "interpreter": {
    "hash": "11938c6bc6919ae2720b4d5011047913343b08a43b18698fd82dedb0d4417594"
   }
  }
 },
 "nbformat": 4,
 "nbformat_minor": 2
}
